0 0
1 2.99513383360924
2 6.0076650106441365
3 8.994074191207607
4 11.986696078622803
5 14.996070680422918
6 18.02043389699624
7 21.00579739147802
8 24.04941311703602
9 27.07438314578798
10 30.17213204551774
11 33.19285485211566
12 36.17500763915846
13 39.24356498814177
14 42.26399152281125
15 45.20604562266166
16 48.37472979622913
17 51.30789639398554
18 54.30058476404265
19 57.37383228029336
20 60.45627662400151
21 63.370494578050426
22 66.40536335673052
23 69.41260188399232
24 72.58370997042562
25 75.54187674690854
26 78.45322222126902
27 81.44000524100244
28 84.5867868644192
29 87.64499963058346
30 90.70428889999181
31 93.80454165548655
32 96.84708658088681
33 99.78713014593717
34 102.75046797199252
35 105.76821044647197
36 108.92807229216328
37 111.88133981539741
38 114.88226661296251
39 118.00143039364589
40 121.04074427391743
41 124.08810638035605
42 126.83398448522912
43 129.88704488215095
44 132.9474874238927
45 135.8877888992429
46 139.12554115503949
47 142.00987960026507
48 145.02531671174347
49 147.88913484097415
50 151.0278779408583
51 154.09253841988016
52 156.9646753557068
53 160.13909780014427
54 163.1962000355445
55 166.00475363258295
56 169.0728332072927
57 172.19041277948864
58 175.21164518848144
59 178.37969723174527
60 181.15922803431673
61 184.12699820658213
62 187.04177022449255
63 190.106086710135
64 193.2746659637704
65 196.31628729649083
66 199.268404419488
67 202.2301011035815
68 205.20377409243332
69 208.33534408468105
70 211.1420191911095
71 214.22364701702634
72 217.03837480399292
73 220.28464972678188
74 223.47734017686778
75 226.44670527667245
76 229.19741124682935
77 232.11470485596777
78 235.0023518057596
79 238.001002281092
80 240.57409187590812
81 243.62790949169232
82 246.47637384678737
83 249.66513579090878
84 252.7650953303572
85 255.84724390950657
86 259.3581858677417
87 262.07687199158767
88 265.28017690537513
89 268.24947155448075
90 271.0816945068103
91 274.16999225702847
92 277.4581215935855
93 280.1835286083918
94 283.35904054549036
95 286.5619998331953
96 289.4723498272016
97 292.6329816189375
98 295.945212452641
99 299.5423593103867
100 302.58262005677165
101 305.95926222232504
102 309.1495197225603
103 312.205948391994
104 315.6287914312323
105 318.66031090308604
106 321.5937366027227
107 325.054613876451
108 328.04804857458254
109 330.89022661080924
110 333.94529843158455
111 336.82297478335533
112 340.09858816082186
113 343.5926519997345
114 346.76934386928923
115 349.54355691731973
116 352.42216116655754
117 355.46568769491984
118 358.68262168615473
119 361.52459874916116
120 364.21992923877167
121 366.969360006031
122 370.04561201592406
123 373.59455734303936
124 376.8710854382921
125 379.98206261113245
126 382.66925181443685
127 385.9940398003385
128 388.96638692824973
129 392.060204100217
130 394.8967107867421
131 398.47421431065266
132 400.9813913434536
133 404.4395110681254
134 407.2246082472042
135 410.02242992907867
136 412.8258695728919
137 415.94473944007524
138 418.7658976178069
139 421.49939998648887
140 424.42851167448646
141 427.4169465497248
142 430.37100133832183
143 432.61165494032525
144 435.2579964399276
145 438.18883514216395
146 440.8603542345511
147 443.6691287573254
148 447.36498906181856
149 450.5457592001093
150 453.43718131226433
151 456.3421576413989
152 459.0327531695928
153 462.2825350784197
154 465.60695445615266
155 467.9561524378218
156 471.0416929122195
157 474.3284671481748
158 477.34197426282833
159 480.2767130825288
160 483.67640600393366
161 486.641202719388
162 489.4775940730641
163 492.1324876636668
164 495.10973678616523
165 497.93660719614314
166 501.15036037956276
167 503.9741139136653
168 507.1869220698891
169 510.0381168104676
170 512.6474777681607
171 515.8861757545112
172 519.017150460344
173 521.6211105304785
174 524.7124293612283
175 528.130829474904
176 530.7441474056028
177 534.143081036413
178 537.0444986006437
179 540.7888844501595
180 543.989863787262
181 547.4513898064475
182 549.9669998302627
183 552.7028308038399
184 555.8589766556903
185 558.539062418682
186 561.1678940558633
187 564.7303374679894
188 568.0728761751315
189 571.3282662226388
190 574.5041145019585
191 577.1926041148076
192 580.0600645899926
193 583.2040370165104
194 586.9838723645948
195 589.8064346815418
196 593.0999966925507
197 596.7814658239213
198 600.0825704881364
199 603.0611908590203
