#    ib*ns    Average  E /mK    Average Ek /mK    Average Ep /mK   walkers
# --------  ------------ ---  ------------ ---  ------------ ---  --------
      2000   -89.4010789        736.581586       -825.982664          4988
      4000   -86.8499373        707.358765       -794.208703          4952
      6000   -87.3911178        680.584591       -767.975709          4968
      8000   -87.0448136        675.711240       -762.756053          4942
     10000   -84.1647084        658.128117       -742.292826          4966
     12000   -84.3480215        642.775356       -727.123377          4936
     14000   -85.1348462        651.402754       -736.537600          4959
     16000   -85.6323256        644.082463       -729.714789          4984
     18000   -85.0912010        646.033213       -731.124414          5005
     20000   -86.7431274        640.736414       -727.479542          4953
     22000   -84.6770537        627.975603       -712.652657          4933
     24000   -84.3318367        636.261411       -720.593248          4998
     26000   -83.8391903        627.426726       -711.265916          4960
     28000   -85.5472368        627.841771       -713.389008          4962
     30000   -85.8368172        635.786237       -721.623055          4948
     32000   -84.1657449        629.079571       -713.245316          4881
     34000   -84.1846397        624.987747       -709.172387          4843
     36000   -84.4026198        622.043436       -706.446056          4843
     38000   -85.8696174        641.540347       -727.409964          4896
     40000   -86.0399414        646.555269       -732.595211          4878
     42000   -86.3210044        641.156069       -727.477073          4844
     44000   -85.6952516        636.290131       -721.985383          4777
     46000   -83.4711337        635.600871       -719.072005          4827
     48000   -85.2304386        637.807046       -723.037485          4806
     50000   -85.6359452        626.324560       -711.960505          4795
     52000   -84.1053129        629.987187       -714.092499          4829
     54000   -84.1456827        627.788270       -711.933952          4869
     56000   -84.5904863        628.823064       -713.413551          4790
     58000   -84.0451748        643.809411       -727.854586          4817
     60000   -84.7529273        639.617716       -724.370643          4812
     62000   -84.2308079        653.070760       -737.301568          4785
     64000   -85.7550903        643.602266       -729.357357          4977
     66000   -84.7177456        630.610965       -715.328710          4961
     68000   -85.0306710        637.549363       -722.580034          4927
     70000   -85.0242441        637.615026       -722.639270          4916
     72000   -84.6604847        645.997658       -730.658143          4880
     74000   -84.1888645        634.442551       -718.631415          4905
     76000   -86.1573673        641.590348       -727.747716          4898
     78000   -86.0221743        639.153866       -725.176040          4890
     80000   -84.9369167        642.574428       -727.511344          4900
     82000   -84.1767456        624.135777       -708.312523          4900
     84000   -83.9549108        641.850037       -725.804947          4889
     86000   -83.4816553        642.451627       -725.933283          4893
     88000   -85.0499354        632.328702       -717.378637          4918
     90000   -86.7113592        635.360621       -722.071980          4845
     92000   -85.5451142        627.216625       -712.761739          4828
     94000   -83.5193665        620.690187       -704.209554          4806
     96000   -84.1642510        636.536627       -720.700878          4995
     98000   -85.0188947        645.422095       -730.440990          5010
    100000   -85.2658558        636.220884       -721.486740          4994
    102000   -83.9263315        634.547136       -718.473467          4975
    104000   -85.3420679        628.039176       -713.381244          5009
    106000   -87.9455753        651.763121       -739.708697          4972
    108000   -85.0050336        644.370007       -729.375040          5025
    110000   -83.7762963        622.162588       -705.938885          5023
    112000   -85.3460998        617.983195       -703.329294          5038
    114000   -85.0696954        628.578126       -713.647822          5052
    116000   -85.0978240        634.028968       -719.126792          5053
    118000   -84.7640396        641.002389       -725.766429          5081
    120000   -84.4913596        637.619831       -722.111190          5085
    122000   -85.1649638        627.472409       -712.637373          5106
    124000   -87.1956119        624.386032       -711.581644          5055
    126000   -82.9565565        599.923358       -682.879914          5026
    128000   -84.7528755        621.211519       -705.964395          5046
    130000   -85.6555403        623.930233       -709.585773          5079
    132000   -84.3262265        631.787772       -716.113998          5084
    134000   -85.2806812        631.731834       -717.012516          5099
    136000   -85.9914902        641.197632       -727.189122          5093
    138000   -85.1026420        648.881836       -733.984478          5086
    140000   -85.1376323        643.619296       -728.756928          5052
    142000   -85.8466490        638.739436       -724.586085          5044
    144000   -84.4068932        629.672452       -714.079346          5100
    146000   -84.9649899        652.381778       -737.346767          5147
    148000   -84.4528965        637.012186       -721.465083          5134
    150000   -84.3381237        637.636558       -721.974681          5233
    152000   -85.2507821        638.263175       -723.513957          4968
    154000   -85.2103551        641.271170       -726.481525          5022
    156000   -85.5788502        637.896430       -723.475280          4997
    158000   -86.3346713        649.135998       -735.470669          4935
    160000   -83.5715919        642.042450       -725.614042          4970
    162000   -83.4210205        639.509639       -722.930660          4952
    164000   -84.4608100        638.082675       -722.543485          4898
    166000   -86.1708087        645.154353       -731.325161          4885
    168000   -85.7464349        634.411968       -720.158403          4894
    170000   -84.3990680        637.146886       -721.545954          4910
    172000   -85.5422913        632.774113       -718.316404          4938
    174000   -84.7289285        622.470476       -707.199404          4970
    176000   -84.6740102        618.681489       -703.355499          4910
    178000   -84.3194015        633.452411       -717.771813          4928
    180000   -83.5855606        623.154422       -706.739983          4928
    182000   -84.3773672        620.721938       -705.099305          4931
    184000   -84.0590908        624.990895       -709.049986          4885
    186000   -84.1504518        631.125940       -715.276392          4936
    188000   -83.4138228        635.169514       -718.583336          5006
    190000   -84.4424894        647.116041       -731.558531          5110
    192000   -83.8798374        636.639589       -720.519427          5148
    194000   -84.9050955        622.412588       -707.317683          5134
    196000   -85.6257997        658.016599       -743.642398          5138
    198000   -84.6641835        642.685290       -727.349473          5075
    200000   -85.1743986        625.300530       -710.474929          5035
    202000   -83.1201969        613.016545       -696.136742          5046
    204000   -84.3191790        623.021995       -707.341174          5029
    206000   -85.7690062        634.707775       -720.476782          5028
    208000   -85.6166573        626.815144       -712.431801          5003
    210000   -83.5636409        619.942230       -703.505871          5031
    212000   -85.9106790        636.198311       -722.108990          5048
    214000   -86.0424205        627.704765       -713.747185          5028
    216000   -85.7798566        627.646497       -713.426354          5005
    218000   -83.8484333        628.154163       -712.002596          5001
    220000   -84.6897322        625.393423       -710.083156          5023
    222000   -85.7185849        621.576391       -707.294976          5013
    224000   -85.2324816        632.076159       -717.308641          5037
    226000   -85.4149604        636.008907       -721.423867          5016
    228000   -84.7661597        628.603739       -713.369899          4955
    230000   -86.4297218        647.273177       -733.702899          4877
    232000   -86.5436663        653.411517       -739.955183          4932
    234000   -84.8650967        648.926029       -733.791126          4939
    236000   -85.7092902        645.298206       -731.007496          4957
    238000   -86.9671280        645.178407       -732.145535          4994
    240000   -85.3333508        659.672245       -745.005596          4995
    242000   -85.4247135        644.345776       -729.770490          5016
    244000   -84.5411685        637.943932       -722.485100          4990
    246000   -84.6555061        628.457876       -713.113382          4995
    248000   -85.3735500        629.986914       -715.360464          5053
    250000   -85.4972011        625.108683       -710.605885          5003
    252000   -85.4250720        639.282939       -724.708011          4935
    254000   -85.0733319        628.425788       -713.499120          4950
    256000   -85.5648802        635.398289       -720.963169          4984
    258000   -85.0378772        640.485514       -725.523391          4979
    260000   -83.5055868        626.532501       -710.038088          5029
    262000   -84.5188842        629.766953       -714.285838          5001
    264000   -82.8456305        632.955552       -715.801182          5058
    266000   -84.8386621        640.116634       -724.955296          5056
    268000   -85.6857111        639.811376       -725.497087          5103
    270000   -85.2256740        635.612967       -720.838641          5105
    272000   -86.7170109        633.000315       -719.717326          5121
    274000   -85.3189786        631.776337       -717.095315          5093
    276000   -84.1672257        638.833151       -723.000377          5036
    278000   -85.1798063        649.191277       -734.371083          5024
    280000   -83.5612061        645.958973       -729.520179          5055
    282000   -85.1754240        632.250656       -717.426080          5041
    284000   -84.4346935        622.762932       -707.197625          5081
    286000   -85.2883341        640.746560       -726.034894          5131
    288000   -85.6070488        641.442186       -727.049235          5148
    290000   -84.3623269        622.168216       -706.530543          5154
    292000   -85.3320267        613.581867       -698.913894          5128
    294000   -85.0332871        621.964088       -706.997375          5225
    296000   -83.5448564        632.046380       -715.591236          5043
    298000   -83.8520411        635.839532       -719.691573          5126
    300000   -84.7770611        647.160863       -731.937924          5054
    302000   -84.7094299        629.323584       -714.033013          5098
    304000   -86.1005049        633.306404       -719.406909          5136
    306000   -86.1917014        637.888008       -724.079710          5174
    308000   -84.4320690        633.692096       -718.124165          5142
    310000   -84.2553758        626.221702       -710.477078          5079
    312000   -85.9664489        630.256177       -716.222626          5067
    314000   -85.2301162        636.133768       -721.363884          5077
    316000   -84.8778632        629.936491       -714.814354          5053
    318000   -84.4105387        626.827595       -711.238134          5011
    320000   -85.1415552        618.863830       -704.005385          5070
    322000   -85.4227877        627.386426       -712.809213          5107
    324000   -85.2852942        633.923197       -719.208491          5105
    326000   -85.8697122        644.822949       -730.692661          5103
    328000   -86.4740777        646.365514       -732.839592          5174
    330000   -86.3365839        641.635849       -727.972433          5210
    332000   -85.8392813        617.757843       -703.597124          5221
    334000   -84.2166944        625.917369       -710.134063          5236
    336000   -84.2293530        615.773839       -700.003192          5230
    338000   -84.6277164        642.325222       -726.952938          5027
    340000   -83.7196039        630.114953       -713.834557          5089
    342000   -85.2064218        629.981495       -715.187917          5094
    344000   -85.4010031        631.755540       -717.156543          5128
    346000   -86.6431336        662.613745       -749.256878          5099
    348000   -86.3795145        651.546721       -737.926236          5124
    350000   -86.0608053        643.976873       -730.037678          5128
    352000   -85.5059248        630.427042       -715.932967          5197
    354000   -84.9476101        626.416211       -711.363822          4949
    356000   -85.9904594        627.578225       -713.568685          5007
    358000   -85.3121521        630.182265       -715.494417          4989
    360000   -83.6720610        635.237746       -718.909807          4991
    362000   -84.6586567        610.836187       -695.494843          4989
    364000   -83.2741297        616.497760       -699.771890          4990
    366000   -85.3797392        632.222348       -717.602087          4995
    368000   -84.8267345        638.357946       -723.184681          5014
    370000   -84.8763565        632.067223       -716.943579          5002
    372000   -85.2469845        624.603444       -709.850429          4985
    374000   -85.2366712        624.226667       -709.463338          5001
    376000   -85.8460523        629.199334       -715.045386          5007
    378000   -83.4901953        633.611450       -717.101646          4994
    380000   -84.4957093        620.561577       -705.057286          4985
    382000   -85.7716834        604.765995       -690.537679          4945
    384000   -85.1023942        638.855514       -723.957908          4891
    386000   -84.2599435        624.180626       -708.440570          4904
    388000   -85.1171075        633.231656       -718.348763          4894
    390000   -84.9165790        642.688425       -727.605004          4923
    392000   -86.1560901        643.254350       -729.410440          4917
    394000   -85.2554959        640.734451       -725.989947          4925
    396000   -85.7676307        639.397154       -725.164785          4901
    398000   -85.3950450        647.055080       -732.450125          4911
    400000   -84.5900268        626.954169       -711.544196          4867
    402000   -86.8335568        625.618529       -712.452086          4839
    404000   -85.5369307        639.368865       -724.905796          4884
    406000   -86.0964619        632.842951       -718.939413          4873
    408000   -85.6432115        632.016829       -717.660040          4893
    410000   -84.5694261        634.287598       -718.857024          4949
    412000   -85.1078390        630.271247       -715.379085          4963
    414000   -85.2109589        638.896043       -724.107002          4969
    416000   -85.7334188        637.999162       -723.732581          4977
    418000   -83.8867701        656.167498       -740.054268          5000
    420000   -86.5054609        662.793834       -749.299294          5011
    422000   -87.4692225        663.217484       -750.686706          4994
    424000   -84.6142077        645.580733       -730.194941          4979
    426000   -85.3610748        619.283884       -704.644959          4976
    428000   -84.3124544        618.130719       -702.443173          4987
    430000   -83.7982145        609.881847       -693.680061          4981
    432000   -85.3274285        632.298026       -717.625454          4881
    434000   -85.6287409        622.816584       -708.445325          4800
    436000   -83.8284249        611.503310       -695.331735          4808
    438000   -85.9914088        621.377444       -707.368853          4861
    440000   -84.1032271        642.649645       -726.752872          4871
    442000   -85.2201251        631.948115       -717.168240          4890
    444000   -85.5808715        625.880217       -711.461088          4812
    446000   -84.8888300        618.631590       -703.520420          4786
    448000   -85.0784907        621.132578       -706.211069          4798
    450000   -84.5945974        643.684374       -728.278971          4856
    452000   -85.7281810        622.005756       -707.733937          4877
    454000   -85.1076274        637.026132       -722.133760          4839
    456000   -84.1915805        616.128083       -700.319663          4821
    458000   -83.7997955        630.376084       -714.175880          4801
    460000   -84.3507603        629.169183       -713.519944          4809
    462000   -84.6096513        649.561742       -734.171393          4848
    464000   -85.6127808        644.429156       -730.041937          4875
    466000   -83.8073784        635.281572       -719.088950          4856
    468000   -86.9814061        644.959300       -731.940706          4848
    470000   -85.3116988        642.355676       -727.667375          4813
    472000   -84.0835451        634.317070       -718.400616          4875
    474000   -86.7543387        659.698642       -746.452981          4878
    476000   -85.6487871        639.448881       -725.097668          4872
    478000   -82.9417069        634.094427       -717.036134          4892
    480000   -84.5208094        634.368567       -718.889377          4844
    482000   -85.8557078        633.689700       -719.545408          4820
    484000   -84.9798808        613.631980       -698.611861          4819
    486000   -85.7814153        628.499711       -714.281126          4857
    488000   -84.7672226        642.863297       -727.630520          4891
    490000   -85.8383906        635.352197       -721.190588          4897
    492000   -84.5518800        647.528502       -732.080382          4981
    494000   -84.2909691        637.181028       -721.471998          4966
    496000   -84.8585467        640.038543       -724.897089          4972
    498000   -84.7717935        637.701656       -722.473450          4961
    500000   -84.8830430        637.452045       -722.335088          4910
    502000   -84.2844638        625.865117       -710.149581          4968
    504000   -85.3140523        633.443551       -718.757603          5017
    506000   -85.2825009        639.722384       -725.004885          4981
    508000   -84.8662682        642.836859       -727.703127          5010
    510000   -83.5535429        643.068043       -726.621585          4975
    512000   -84.2927806        641.244457       -725.537238          4941
    514000   -83.5765815        630.006347       -713.582929          4992
    516000   -84.3457153        635.059810       -719.405526          5014
    518000   -86.0126136        626.245880       -712.258494          4963
    520000   -86.1155991        624.859516       -710.975115          4979
    522000   -85.0196580        631.995846       -717.015504          4978
    524000   -84.0772838        618.062473       -702.139757          5010
    526000   -83.3138676        634.688337       -718.002204          5036
    528000   -85.0190474        627.459187       -712.478234          5059
    530000   -85.6416608        649.511759       -735.153420          5066
    532000   -84.5915454        629.786417       -714.377962          5023
    534000   -84.5008175        635.002351       -719.503168          4987
    536000   -84.8513480        637.188945       -722.040293          4976
    538000   -85.7453273        652.342796       -738.088123          4963
    540000   -85.9211733        645.149533       -731.070706          4993
    542000   -83.0478876        632.518293       -715.566181          4971
    544000   -83.7657689        654.621665       -738.387434          5033
    546000   -83.5066894        646.004396       -729.511085          5031
    548000   -85.6054979        619.270313       -704.875811          5016
    550000   -84.0946786        617.104836       -701.199514          5006
    552000   -83.9986410        619.977449       -703.976090          4942
    554000   -84.0369550        622.272582       -706.309537          4926
    556000   -84.5743988        630.807653       -715.382051          4949
    558000   -84.2826186        627.335707       -711.618326          4923
    560000   -84.3195331        623.476503       -707.796036          4881
    562000   -85.7549440        612.293044       -698.047988          4824
    564000   -85.6843262        630.129338       -715.813664          4859
    566000   -85.1567318        631.429861       -716.586592          4855
    568000   -85.3960265        636.855588       -722.251615          4814
    570000   -85.8211317        626.401777       -712.222909          4786
    572000   -84.2196483        632.906832       -717.126480          4775
    574000   -84.9197266        630.369950       -715.289677          4842
    576000   -85.6026139        642.474016       -728.076630          4828
    578000   -85.1225002        643.731689       -728.854189          4875
    580000   -83.4321884        645.684407       -729.116595          4924
    582000   -85.5467530        635.016985       -720.563738          4921
    584000   -83.8729598        620.552540       -704.425500          4914
    586000   -85.7366749        636.095531       -721.832206          4914
    588000   -84.2379739        641.165233       -725.403207          4885
    590000   -84.6317771        622.793412       -707.425189          4892
    592000   -84.1598232        617.241799       -701.401622          4891
    594000   -85.4150743        627.254705       -712.669779          4892
    596000   -85.1112953        631.846732       -716.958028          4926
    598000   -85.1815216        626.443001       -711.624523          4863
    600000   -82.9930651        632.481130       -715.474195          4909
    602000   -84.2174242        630.494139       -714.711564          4912
    604000   -83.6516219        604.771349       -688.422971          4864
    606000   -84.7434373        625.962544       -710.705981          4862
    608000   -83.9571082        621.536617       -705.493725          4860
    610000   -85.2499853        633.506052       -718.756038          4842
    612000   -85.1138417        627.920764       -713.034606          4886
    614000   -84.5063492        633.326655       -717.833004          4883
    616000   -83.7161056        644.767560       -728.483666          4965
    618000   -83.7536453        623.254261       -707.007906          4905
    620000   -84.8829523        620.703296       -705.586248          4920
    622000   -85.0849306        636.130886       -721.215817          5006
    624000   -85.7066707        627.081074       -712.787745          4963
    626000   -85.3252312        636.281005       -721.606236          4939
    628000   -84.3568620        625.571103       -709.927965          4929
    630000   -84.2036646        625.174019       -709.377684          4933
    632000   -85.6427428        632.809858       -718.452601          4891
    634000   -83.0191969        632.810764       -715.829961          4919
    636000   -86.1132393        641.609141       -727.722381          4945
    638000   -85.8112526        649.069410       -734.880663          5031
    640000   -84.0873707        651.593880       -735.681251          5004
    642000   -86.8437187        660.942405       -747.786124          5052
    644000   -83.2053823        641.997756       -725.203139          5073
    646000   -86.2693440        636.489665       -722.759009          5073
    648000   -85.8162721        651.186459       -737.002731          5050
    650000   -85.4393966        634.476799       -719.916195          5068
    652000   -84.8964921        628.179777       -713.076269          5035
    654000   -85.1831311        625.675439       -710.858570          5117
    656000   -85.0370161        641.920490       -726.957506          5039
    658000   -84.9054457        635.093329       -719.998774          5118
    660000   -83.9440646        624.622428       -708.566492          5088
    662000   -84.6575753        637.813293       -722.470868          5170
    664000   -85.6444691        632.514206       -718.158675          5158
    666000   -84.8538735        610.880662       -695.734535          5110
    668000   -83.9512867        634.525985       -718.477272          5164
    670000   -87.1418082        640.174341       -727.316149          5204
    672000   -85.2475955        625.493815       -710.741411          4989
    674000   -85.4145435        620.996188       -706.410732          4917
    676000   -84.6482147        630.769809       -715.418023          4910
    678000   -85.1173283        632.184077       -717.301405          4892
    680000   -84.5759858        635.867808       -720.443794          4833
    682000   -84.5707669        630.809492       -715.380259          4888
    684000   -85.0092658        643.234642       -728.243908          4944
    686000   -84.1395838        636.563974       -720.703558          4996
    688000   -83.9514818        652.064572       -736.016054          5027
    690000   -82.7893196        632.951075       -715.740394          5033
    692000   -84.5933928        640.763463       -725.356855          5021
    694000   -85.3785047        618.654743       -704.033248          5011
    696000   -84.0648129        616.451204       -700.516017          5025
    698000   -85.5261268        626.327779       -711.853906          4972
    700000   -86.1609014        634.040385       -720.201286          4945
    702000   -85.9493651        630.198781       -716.148146          4935
    704000   -85.9706857        631.869834       -717.840520          4994
    706000   -85.6862619        637.304650       -722.990912          5017
    708000   -85.0600936        627.890054       -712.950148          5041
    710000   -86.4350454        633.767475       -720.202520          5067
    712000   -83.3781185        643.836028       -727.214147          5079
    714000   -84.3167386        649.083312       -733.400050          5039
    716000   -85.6323590        643.658275       -729.290634          5054
    718000   -86.2591472        645.539597       -731.798744          5089
    720000   -84.9487794        636.182322       -721.131101          5156
    722000   -84.6392366        632.079365       -716.718602          5148
    724000   -85.8520823        640.191586       -726.043668          5075
    726000   -85.3025662        631.623730       -716.926297          5017
    728000   -85.6026507        629.972848       -715.575499          5019
    730000   -85.5103931        632.457063       -717.967456          5017
    732000   -85.3828637        624.625667       -710.008530          5103
    734000   -84.8359455        640.730442       -725.566388          5186
    736000   -83.8166494        641.040788       -724.857437          5169
    738000   -84.0214295        647.696504       -731.717934          5202
    740000   -86.0446410        637.789101       -723.833742          5204
    742000   -83.8479369        644.315021       -728.162958          5190
    744000   -85.5191013        615.518062       -701.037163          5193
    746000   -85.9194501        621.366577       -707.286027          5128
    748000   -85.5983360        624.310863       -709.909199          5068
    750000   -83.6976735        618.044955       -701.742628          5058
    752000   -86.2368605        624.460861       -710.697722          5075
    754000   -85.3310508        626.274728       -711.605779          5123
    756000   -85.1011401        631.381497       -716.482637          5095
    758000   -84.4769635        630.603176       -715.080140          5126
    760000   -85.1739002        623.588253       -708.762153          5169
    762000   -85.7277203        636.383728       -722.111449          5173
    764000   -86.2564332        637.872755       -724.129188          5236
    766000   -85.4928970        632.969478       -718.462375          5031
    768000   -85.3944690        635.796292       -721.190761          5016
    770000   -84.6403892        631.558416       -716.198805          5047
    772000   -84.8567155        624.634766       -709.491482          5058
    774000   -85.3752496        647.630908       -733.006158          5031
    776000   -87.0703252        620.631704       -707.702029          5024
    778000   -85.9130034        630.006375       -715.919378          5028
    780000   -84.9338944        642.493598       -727.427492          5043
    782000   -84.7258533        631.014217       -715.740070          5055
    784000   -86.0216079        640.741452       -726.763060          5024
    786000   -83.5822289        629.529799       -713.112028          5034
    788000   -85.4783819        638.020125       -723.498507          5048
    790000   -85.4503721        631.207600       -716.657973          4955
    792000   -85.3626063        637.134201       -722.496807          4959
    794000   -85.6043966        631.301792       -716.906189          4958
    796000   -85.7584700        638.980720       -724.739190          4942
    798000   -84.4536482        637.459693       -721.913341          4933
    800000   -84.1915873        620.446574       -704.638161          4900
    802000   -84.4706249        630.247136       -714.717761          4897
    804000   -86.7924925        627.263098       -714.055591          4898
    806000   -85.4169052        627.920808       -713.337713          4958
    808000   -84.5199708        627.847153       -712.367124          4976
    810000   -86.7263914        643.239590       -729.965981          4900
    812000   -86.0778514        640.866732       -726.944584          4958
    814000   -86.0981201        652.111129       -738.209249          4955
    816000   -85.4281598        618.396575       -703.824735          4975
    818000   -85.7871389        643.117717       -728.904856          4985
    820000   -85.0579135        616.462345       -701.520258          4882
    822000   -83.8745669        627.136542       -711.011109          4842
    824000   -82.6800825        614.234162       -696.914244          4794
    826000   -85.4841766        620.036181       -705.520357          5021
    828000   -84.2017990        619.769954       -703.971753          4992
    830000   -84.5870340        646.053293       -730.640327          4986
    832000   -84.8687251        636.240589       -721.109314          5032
    834000   -85.4823474        647.638353       -733.120700          5109
    836000   -85.8488067        635.477354       -721.326161          5077
    838000   -83.8111691        621.543167       -705.354336          5051
    840000   -84.7269377        640.111125       -724.838063          5027
    842000   -84.8978962        651.710534       -736.608430          5060
    844000   -85.1443858        637.403941       -722.548326          5100
    846000   -84.7221759        623.116817       -707.838993          5114
    848000   -85.7300165        625.725391       -711.455407          5140
    850000   -85.4508195        635.004447       -720.455266          5093
    852000   -85.7373232        628.952323       -714.689646          5137
    854000   -85.1249492        634.466146       -719.591095          5106
    856000   -86.1990990        649.443393       -735.642492          5162
    858000   -84.8441763        647.850545       -732.694721          5192
    860000   -86.2195028        636.244181       -722.463684          5166
    862000   -86.5489773        636.394626       -722.943603          5082
    864000   -84.7380335        621.713063       -706.451097          5035
    866000   -85.2190755        635.187232       -720.406308          5008
    868000   -85.6710084        633.288332       -718.959341          5040
    870000   -83.7994589        613.483573       -697.283032          4999
    872000   -84.3596306        641.383060       -725.742690          5005
    874000   -84.1709365        617.392044       -701.562981          5008
    876000   -84.6637614        631.691760       -716.355522          5008
    878000   -86.1999404        637.245465       -723.445405          5015
    880000   -85.3685852        612.259929       -697.628515          5002
    882000   -85.6799524        627.634334       -713.314286          5012
    884000   -84.8513103        640.352599       -725.203909          5021
    886000   -84.9915981        639.472350       -724.463948          4996
    888000   -85.4930403        643.977863       -729.470903          4985
    890000   -85.2861936        622.316086       -707.602280          4985
    892000   -84.8383026        635.118818       -719.957121          4947
    894000   -84.6886210        648.592429       -733.281050          4913
    896000   -85.7215926        643.886693       -729.608286          4956
    898000   -85.8058748        637.276756       -723.082631          4933
    900000   -84.9046649        626.920972       -711.825637          4885
    902000   -85.3280735        626.916247       -712.244321          4871
    904000   -84.5727171        621.286165       -705.858882          4906
    906000   -86.5447690        626.551294       -713.096063          4865
    908000   -85.6025129        614.006554       -699.609067          4801
    910000   -85.4864605        619.852641       -705.339101          4776
    912000   -86.1788019        622.690047       -708.868849          4785
    914000   -85.4832631        630.430686       -715.913949          4759
    916000   -85.9648322        618.947837       -704.912670          4792
    918000   -85.4272743        632.813865       -718.241139          4829
    920000   -85.5822035        635.331928       -720.914131          4820
    922000   -87.0010054        645.455014       -732.456019          4842
    924000   -84.2383321        616.475183       -700.713515          4900
    926000   -85.9868320        625.124909       -711.111741          4908
    928000   -86.3209439        622.398881       -708.719825          4922
    930000   -86.5155099        633.334485       -719.849995          4906
    932000   -85.3643130        640.949759       -726.314072          4942
    934000   -85.0570821        626.437477       -711.494559          4950
    936000   -84.8614386        619.251490       -704.112928          4912
    938000   -86.0556455        626.142488       -712.198133          4858
    940000   -84.9284184        619.419567       -704.347986          4795
    942000   -83.8744556        619.175199       -703.049654          5018
    944000   -84.9222589        626.907511       -711.829770          4991
    946000   -85.5492273        632.471621       -718.020848          5008
    948000   -84.2116847        625.697721       -709.909406          5056
    950000   -85.4307317        624.166755       -709.597487          5121
    952000   -84.1113783        636.373868       -720.485247          5159
    954000   -85.1278096        645.723326       -730.851136          5156
    956000   -84.6351653        628.140731       -712.775897          5114
    958000   -83.3631638        637.513673       -720.876837          5187
    960000   -84.8678138        626.075523       -710.943337          5107
    962000   -85.8698445        646.291834       -732.161679          5151
    964000   -85.4316244        632.888883       -718.320507          5144
    966000   -85.8351383        626.366917       -712.202056          5099
    968000   -82.7687242        625.180172       -707.948896          5052
    970000   -83.5987964        604.926469       -688.525265          5042
    972000   -84.3197203        622.516272       -706.835993          5012
    974000   -83.7502996        626.171948       -709.922248          5046
    976000   -85.4179738        623.136834       -708.554808          5074
    978000   -84.6716164        646.477727       -731.149344          5118
    980000   -84.4865877        627.734614       -712.221202          5085
    982000   -84.6414660        642.011111       -726.652577          5169
    984000   -84.7251158        646.113020       -730.838136          5217
    986000   -84.2998299        623.836938       -708.136768          5031
    988000   -84.4441576        621.052923       -705.497080          5018
    990000   -85.0957528        615.374918       -700.470670          5021
    992000   -83.2537887        639.017579       -722.271368          5036
    994000   -84.5210337        636.470248       -720.991282          5095
    996000   -84.7497939        627.227883       -711.977677          5058
    998000   -84.6421426        629.497512       -714.139655          5048
   1000000   -84.4428837        634.866298       -719.309182          5034
   1002000   -83.8797619        632.212370       -716.092132          4991
   1004000   -84.0465449        642.492196       -726.538741          4957
   1006000   -84.6153780        652.474320       -737.089698          4972
   1008000   -85.7282156        642.775307       -728.503523          4924
   1010000   -85.5863923        637.324153       -722.910546          4960
   1012000   -84.6533590        644.058840       -728.712199          4946
   1014000   -85.4115841        632.853979       -718.265563          4949
   1016000   -85.1957049        643.131470       -728.327175          4933
   1018000   -84.9641479        637.005965       -721.970113          4915
   1020000   -84.3717301        634.863748       -719.235478          4844
   1022000   -85.5252686        647.487170       -733.012439          4842
   1024000   -84.5000803        627.046132       -711.546212          4815
   1026000   -84.1007004        622.310023       -706.410724          4867
   1028000   -84.1775119        645.003138       -729.180650          4810
   1030000   -85.5847482        646.795778       -732.380527          4868
   1032000   -84.2438377        619.065710       -703.309548          4858
   1034000   -86.7338847        630.675865       -717.409749          4880
   1036000   -85.0292214        640.201733       -725.230955          4955
   1038000   -84.1323909        632.253505       -716.385895          4896
   1040000   -86.0491703        647.205449       -733.254619          4930
   1042000   -82.9260822        630.802064       -713.728146          4979
   1044000   -84.8272737        608.893979       -693.721253          4951
   1046000   -84.2589838        630.227611       -714.486595          4945
   1048000   -83.7889416        628.888809       -712.677751          4933
   1050000   -83.9982408        643.816476       -727.814717          5011
   1052000   -84.4567604        641.349264       -725.806025          5072
   1054000   -84.9719171        631.423648       -716.395565          5003
   1056000   -87.0033125        646.071776       -733.075088          5056
   1058000   -84.5727708        635.336049       -719.908819          5101
   1060000   -85.7456221        640.921954       -726.667576          5074
   1062000   -86.1400028        635.605079       -721.745082          5073
   1064000   -85.9717654        627.348686       -713.320451          5038
   1066000   -85.3671002        633.831582       -719.198682          5046
   1068000   -85.1966689        641.374266       -726.570935          5021
   1070000   -85.5935152        637.198094       -722.791609          4993
   1072000   -84.6020653        636.639112       -721.241178          4998
   1074000   -84.9065223        627.304114       -712.210636          4954
   1076000   -84.6933218        631.332057       -716.025379          4907
   1078000   -84.9967386        628.648219       -713.644958          4935
   1080000   -85.0786962        638.847758       -723.926454          4941
   1082000   -83.9384894        619.239895       -703.178385          4976
   1084000   -85.4195461        635.073810       -720.493357          5014
   1086000   -85.2215930        635.919562       -721.141155          5006
   1088000   -84.9741310        636.411502       -721.385633          5013
   1090000   -86.4416992        640.355691       -726.797391          4990
   1092000   -84.3282101        650.611364       -734.939574          5088
   1094000   -84.6293681        620.871830       -705.501198          5082
   1096000   -85.6564675        635.293533       -720.950001          5101
   1098000   -85.3033297        635.900238       -721.203568          5098
   1100000   -85.5194459        640.753053       -726.272499          5067
   1102000   -84.0973354        630.584533       -714.681869          5072
   1104000   -83.9781379        617.810195       -701.788333          5101
   1106000   -85.3570315        634.025642       -719.382674          5054
   1108000   -84.8807132        640.609316       -725.490030          5093
   1110000   -85.5453250        629.528362       -715.073687          5079
   1112000   -85.3854607        638.354662       -723.740123          5115
   1114000   -84.4298061        640.797341       -725.227147          5100
   1116000   -84.0930521        623.795592       -707.888644          5082
   1118000   -84.2664896        624.617735       -708.884224          5087
   1120000   -84.4934243        632.394956       -716.888380          5043
   1122000   -85.4126578        640.907406       -726.320064          5049
   1124000   -85.0343284        634.367021       -719.401349          5143
   1126000   -85.2796706        638.812293       -724.091963          5202
   1128000   -85.2659319        644.435491       -729.701423          5168
   1130000   -85.5355807        652.240368       -737.775948          5179
   1132000   -86.1743257        662.537469       -748.711795          5185
   1134000   -85.4401009        639.774364       -725.214465          5141
   1136000   -85.6882805        625.534354       -711.222635          5083
   1138000   -84.5639520        615.054863       -699.618815          5083
   1140000   -85.7170097        637.713166       -723.430176          5045
   1142000   -83.5026111        635.868276       -719.370887          5034
   1144000   -84.0500460        627.914233       -711.964279          4989
   1146000   -84.4683761        629.771521       -714.239897          4980
   1148000   -85.6286016        632.853018       -718.481620          4942
   1150000   -85.0704732        643.606951       -728.677424          4904
   1152000   -82.5404656        623.870547       -706.411013          4887
   1154000   -83.6608323        629.840102       -713.500934          4904
   1156000   -84.1321410        634.735341       -718.867482          4937
   1158000   -84.2525111        634.609581       -718.862092          4941
   1160000   -85.3626428        625.972640       -711.335283          4900
   1162000   -84.9184710        628.688806       -713.607277          4884
   1164000   -84.1243397        631.549578       -715.673918          4883
   1166000   -84.5053825        634.686450       -719.191833          4951
   1168000   -84.0236799        644.352083       -728.375763          4964
   1170000   -83.8303523        631.027338       -714.857691          5024
   1172000   -83.4269457        625.635991       -709.062937          5045
   1174000   -83.9824766        628.978728       -712.961205          5148
   1176000   -85.1828128        625.501586       -710.684399          5208
   1178000   -83.3476281        611.871366       -695.218994          5222
   1180000   -84.2566270        625.360134       -709.616761          5232
   1182000   -82.3595337        625.419748       -707.779282          4976
   1184000   -83.2202575        605.462895       -688.683153          4970
   1186000   -85.0967847        623.218566       -708.315350          4953
   1188000   -85.9952915        631.695877       -717.691168          4982
   1190000   -85.1311227        625.633609       -710.764732          5040
   1192000   -84.4005577        625.442714       -709.843271          4989
   1194000   -83.6576515        623.761331       -707.418983          4959
   1196000   -82.1686279        617.037632       -699.206260          4973
   1198000   -84.6542486        636.448000       -721.102249          4953
   1200000   -85.3240147        629.450919       -714.774933          4999
   1202000   -84.6896370        625.979700       -710.669337          4950
   1204000   -84.4358249        624.938216       -709.374041          4946
   1206000   -85.2037812        622.853853       -708.057634          4964
   1208000   -84.4009971        620.777781       -705.178778          4943
   1210000   -84.8941224        637.619745       -722.513868          4925
   1212000   -84.5498139        621.962619       -706.512433          4893
   1214000   -84.6760367        621.622604       -706.298641          4837
   1216000   -83.8594934        607.016650       -690.876144          4835
   1218000   -85.4038789        617.836593       -703.240472          4828
   1220000   -85.3837026        629.148195       -714.531897          4864
   1222000   -84.7983410        627.949369       -712.747710          4915
   1224000   -85.4973119        631.585558       -717.082870          4928
   1226000   -85.9989191        633.165466       -719.164385          4963
   1228000   -84.6421170        633.553787       -718.195904          4968
   1230000   -84.7838549        642.290845       -727.074700          4979
   1232000   -84.3028213        628.740765       -713.043586          4957
   1234000   -84.0501358        616.335194       -700.385330          4885
   1236000   -85.4829087        620.717842       -706.200751          4895
   1238000   -84.1261105        627.729143       -711.855254          4866
   1240000   -84.3431766        637.169750       -721.512927          4931
   1242000   -85.2775656        626.409294       -711.686859          4883
   1244000   -84.4021334        623.723533       -708.125667          4829
   1246000   -84.0641366        636.931615       -720.995751          4836
   1248000   -84.1939483        622.765680       -706.959628          4843
   1250000   -85.1659608        637.315628       -722.481589          4799
   1252000   -85.1774887        630.968120       -716.145609          4853
   1254000   -85.4128311        646.849527       -732.262358          4862
   1256000   -83.2695119        639.450989       -722.720501          4812
   1258000   -84.0986942        632.711858       -716.810552          4777
   1260000   -85.7191238        630.086370       -715.805494          4814
   1262000   -85.8199883        637.267763       -723.087751          4839
   1264000   -84.5497404        636.423452       -720.973192          4846
   1266000   -84.0333056        622.437623       -706.470929          4816
   1268000   -86.1558649        626.783717       -712.939582          4766
   1270000   -82.8320766        612.333662       -695.165738          4987
   1272000   -84.1255290        626.714483       -710.840012          5071
   1274000   -85.2923915        627.104351       -712.396743          5018
   1276000   -85.8043502        645.078064       -730.882414          5062
   1278000   -86.1228092        638.659911       -724.782720          5111
   1280000   -87.0945034        625.667490       -712.761994          5047
   1282000   -84.9907192        636.328733       -721.319452          5056
   1284000   -83.2781403        638.173184       -721.451325          5103
   1286000   -84.2128581        646.383172       -730.596030          5140
   1288000   -84.7203671        635.871986       -720.592353          5114
   1290000   -86.1148149        639.457386       -725.572201          5169
   1292000   -85.6089855        638.345674       -723.954660          5169
   1294000   -84.7592652        643.455773       -728.215038          5173
   1296000   -86.1840726        645.185068       -731.369140          5179
   1298000   -84.8464961        625.475326       -710.321822          5174
   1300000   -84.8282133        618.037533       -702.865746          5154
   1302000   -84.6384717        617.233430       -701.871902          5134
   1304000   -85.0153207        620.386408       -705.401729          5104
   1306000   -85.7450659        647.562953       -733.308019          5150
   1308000   -85.3777034        637.604722       -722.982425          5215
   1310000   -82.6680832        623.671514       -706.339597          5213
   1312000   -84.5574259        651.340383       -735.897809          5214
   1314000   -84.3867784        638.801684       -723.188462          5240
   1316000   -83.1120638        626.197482       -709.309546          5012
   1318000   -83.8148227        631.446333       -715.261155          5091
   1320000   -84.4156250        638.340925       -722.756550          5079
   1322000   -85.1574795        628.145419       -713.302898          5043
   1324000   -85.0543711        636.383495       -721.437866          5055
   1326000   -85.9214708        639.975675       -725.897146          5058
   1328000   -83.0023091        617.228049       -700.230358          5092
   1330000   -84.9403751        628.682292       -713.622667          5121
   1332000   -85.4075333        632.111856       -717.519389          5092
   1334000   -86.6713185        644.912960       -731.584278          5088
   1336000   -84.3094879        639.968588       -724.278076          5063
   1338000   -84.1581184        637.279381       -721.437499          5092
   1340000   -85.1851522        635.626252       -720.811404          5184
   1342000   -85.9992031        638.353705       -724.352909          5130
   1344000   -84.9520175        624.858637       -709.810655          5124
   1346000   -83.6815500        623.852962       -707.534512          5104
   1348000   -84.2985918        616.333477       -700.632069          5022
   1350000   -83.9744628        612.818066       -696.792529          5013
   1352000   -85.7662349        648.838909       -734.605144          5078
   1354000   -84.5963943        631.846774       -716.443168          5078
   1356000   -86.9152945        641.184260       -728.099555          5071
   1358000   -85.0737237        640.640727       -725.714450          5054
   1360000   -85.7763266        661.600882       -747.377209          5170
   1362000   -85.7316587        656.901612       -742.633271          5195
   1364000   -84.4571011        626.478128       -710.935229          5189
   1366000   -83.1890384        617.156894       -700.345932          5151
   1368000   -85.8961204        638.705260       -724.601380          5135
   1370000   -88.5605590        645.925250       -734.485809          5062
   1372000   -85.9875095        640.444480       -726.431989          5098
   1374000   -84.7186995        642.082508       -726.801207          5111
   1376000   -85.3333593        633.403100       -718.736460          5041
   1378000   -85.0698871        623.867619       -708.937506          5112
   1380000   -84.3249521        619.370548       -703.695500          5125
   1382000   -84.1940690        623.344294       -707.538363          5151
   1384000   -85.1337921        633.340163       -718.473955          5178
   1386000   -83.9369728        615.668782       -699.605755          5170
   1388000   -84.7291754        607.918789       -692.647965          5153
   1390000   -84.6030850        622.396187       -706.999272          5141
   1392000   -84.8825067        625.645597       -710.528103          5076
   1394000   -85.3793118        619.389767       -704.769079          5098
   1396000   -84.3997479        640.994368       -725.394116          5170
   1398000   -85.3083578        635.610824       -720.919182          5243
   1400000   -86.2481610        635.563200       -721.811361          4978
   1402000   -85.1031011        630.210547       -715.313648          4953
   1404000   -86.1929116        624.496127       -710.689038          4965
   1406000   -84.3920206        622.260183       -706.652203          4932
   1408000   -85.8628678        622.728183       -708.591051          4904
   1410000   -83.9033004        617.904971       -701.808272          4917
   1412000   -84.6267224        635.268887       -719.895609          4984
   1414000   -85.9407343        638.045739       -723.986474          5012
   1416000   -84.5426936        638.965510       -723.508203          5034
   1418000   -84.1030301        638.138742       -722.241772          5061
   1420000   -83.1551219        626.971552       -710.126673          5104
   1422000   -84.3392514        644.661737       -729.000989          5050
   1424000   -85.6617220        647.841946       -733.503668          5045
   1426000   -85.8736062        633.988986       -719.862592          5021
   1428000   -83.7306614        639.339633       -723.070295          5065
   1430000   -83.8530003        626.344732       -710.197732          5039
   1432000   -84.4243934        627.578206       -712.002600          5025
   1434000   -85.3413733        629.573788       -714.915162          5094
   1436000   -82.9561620        613.548498       -696.504660          5058
   1438000   -84.6249763        620.635739       -705.260715          5005
   1440000   -83.7197780        622.623955       -706.343733          4973
   1442000   -85.5361781        633.282896       -718.819074          4986
   1444000   -83.9013934        623.103007       -707.004400          4998
   1446000   -84.2205774        605.843950       -690.064527          5057
   1448000   -85.9581980        633.637496       -719.595694          5034
   1450000   -85.4168598        633.572265       -718.989125          5063
   1452000   -84.8252853        631.886878       -716.712163          5038
   1454000   -83.7534662        623.897931       -707.651398          5107
   1456000   -84.8943751        632.712761       -717.607136          5088
   1458000   -85.5149488        627.814243       -713.329192          5141
   1460000   -84.2647226        617.143804       -701.408527          5162
   1462000   -85.0276290        622.256363       -707.283992          5207
   1464000   -85.0921212        608.430875       -693.522996          5224
   1466000   -84.4903931        613.984169       -698.474562          5206
   1468000   -83.2072454        617.141613       -700.348858          5223
   1470000   -85.8152661        646.311600       -732.126867          5193
   1472000   -86.7095913        635.299767       -722.009358          5223
   1474000   -85.4788616        654.085026       -739.563888          5054
   1476000   -84.5568838        632.469714       -717.026598          5099
   1478000   -85.7765808        635.760518       -721.537099          5137
   1480000   -84.9883834        634.403216       -719.391599          5176
   1482000   -85.1648220        646.458456       -731.623278          5220
   1484000   -85.4623663        641.363584       -726.825950          5172
   1486000   -86.5766757        630.266957       -716.843632          5200
   1488000   -84.9371422        641.854234       -726.791377          5179
   1490000   -85.6345158        628.389445       -714.023961          5235
   1492000   -85.6888756        641.221229       -726.910104          5010
   1494000   -85.0260366        642.736927       -727.762964          5023
   1496000   -83.9874240        618.889290       -702.876714          5057
   1498000   -85.9085350        629.764931       -715.673466          5083
   1500000   -85.6933582        634.550090       -720.243448          5018
   1502000   -84.9737154        607.911239       -692.884954          4987
   1504000   -84.6879327        617.473856       -702.161789          4963
   1506000   -83.8619888        620.596465       -704.458454          4955
   1508000   -85.8500913        646.987989       -732.838080          4943
   1510000   -85.0764052        633.056246       -718.132652          4967
   1512000   -86.2597416        638.742034       -725.001775          4905
   1514000   -84.5543687        630.371676       -714.926045          4833
   1516000   -85.9159758        649.951457       -735.867432          4915
   1518000   -84.7368025        653.231098       -737.967901          4871
   1520000   -86.1288919        634.615832       -720.744724          4854
   1522000   -85.7807947        641.405656       -727.186451          4791
   1524000   -85.0174372        634.350783       -719.368220          5041
   1526000   -84.2427777        638.678891       -722.921669          5038
   1528000   -84.7094719        626.562134       -711.271606          5068
   1530000   -85.9802657        645.589191       -731.569457          5037
   1532000   -86.2578749        647.707120       -733.964995          5023
   1534000   -87.1152914        668.228608       -755.343899          5051
   1536000   -85.3172356        648.087852       -733.405088          5032
   1538000   -85.8216873        640.914133       -726.735820          4971
   1540000   -84.4154117        647.543809       -731.959220          5016
   1542000   -85.4787551        625.648565       -711.127320          4987
   1544000   -85.8039642        626.338851       -712.142815          5005
   1546000   -87.3572227        639.127564       -726.484787          4995
   1548000   -84.9137789        631.534278       -716.448057          5003
   1550000   -83.8430848        640.397952       -724.241037          5069
   1552000   -85.7919045        646.059647       -731.851552          5021
   1554000   -83.8517736        626.018723       -709.870497          4960
   1556000   -84.3165898        630.681746       -714.998336          4980
   1558000   -83.9735217        624.894243       -708.867764          4972
   1560000   -84.6181979        630.962136       -715.580334          4917
   1562000   -85.3524625        631.880414       -717.232877          4930
   1564000   -84.3614035        626.365355       -710.726759          4930
   1566000   -84.5199118        638.704732       -723.224644          4899
   1568000   -85.1178315        652.984043       -738.101875          4879
   1570000   -85.4243229        650.028037       -735.452360          4876
   1572000   -85.1804490        649.483699       -734.664148          4828
   1574000   -85.1112401        621.230638       -706.341878          4796
   1576000   -84.1112252        631.140402       -715.251627          4973
   1578000   -85.3325275        625.166285       -710.498812          4922
   1580000   -83.8319787        611.799026       -695.631005          4941
   1582000   -84.3926074        612.245177       -696.637784          4953
   1584000   -83.8371534        609.572403       -693.409557          4890
   1586000   -84.7862698        633.039423       -717.825693          4858
   1588000   -83.1210429        626.111713       -709.232756          4903
   1590000   -83.7349322        634.115442       -717.850374          4884
   1592000   -84.7249390        656.045081       -740.770020          4855
   1594000   -84.4146124        640.580580       -724.995193          4854
   1596000   -82.7359751        627.723251       -710.459226          4863
   1598000   -84.3955345        628.802726       -713.198260          4909
   1600000   -84.8456219        636.525513       -721.371135          4945
   1602000   -84.6289935        634.562999       -719.191993          4975
   1604000   -84.6991098        631.488005       -716.187115          5009
   1606000   -86.5091024        640.380993       -726.890095          5041
   1608000   -83.7339265        628.695000       -712.428926          5033
   1610000   -84.3215336        625.685278       -710.006812          4982
   1612000   -84.0772381        633.982378       -718.059616          5012
   1614000   -83.9669869        610.937516       -694.904503          5010
   1616000   -82.8066458        623.172736       -705.979382          4957
   1618000   -84.3850623        619.103112       -703.488175          5011
   1620000   -85.5001937        613.071933       -698.572127          4995
   1622000   -85.8398464        626.539726       -712.379573          4957
   1624000   -83.3378042        623.978460       -707.316264          4929
   1626000   -85.2908628        629.562500       -714.853363          4938
   1628000   -83.7639192        626.543782       -710.307701          4950
   1630000   -85.6448601        635.520785       -721.165645          4998
   1632000   -84.8026522        643.195556       -727.998208          5044
   1634000   -86.0091493        644.583202       -730.592351          5092
   1636000   -84.8256370        638.576466       -723.402103          5154
   1638000   -84.6830453        660.120071       -744.803116          5157
   1640000   -83.9080813        627.250677       -711.158759          5144
   1642000   -86.0230801        637.345796       -723.368876          5158
   1644000   -85.0176643        633.450179       -718.467843          5165
   1646000   -84.5626639        627.857104       -712.419767          5176
   1648000   -85.6529068        631.906865       -717.559772          5179
   1650000   -85.2416681        629.607073       -714.848741          5135
   1652000   -85.1928904        627.070385       -712.263275          5116
   1654000   -84.2692157        615.855649       -700.124865          5147
   1656000   -85.0470685        620.017987       -705.065056          5116
   1658000   -85.7259355        622.261699       -707.987635          5070
   1660000   -85.2247805        622.697846       -707.922627          5022
   1662000   -86.1439607        615.836224       -701.980184          5035
   1664000   -86.6402639        631.216772       -717.857036          5023
   1666000   -85.0422360        627.576843       -712.619079          4992
   1668000   -84.2974906        629.662991       -713.960482          5021
   1670000   -85.2522453        642.293476       -727.545721          4995
   1672000   -85.3055619        632.067827       -717.373389          5038
   1674000   -85.6769725        638.839347       -724.516320          5033
   1676000   -84.3727240        638.876472       -723.249196          5103
   1678000   -84.8023514        637.609828       -722.412179          5132
   1680000   -85.9721353        642.799604       -728.771739          5163
   1682000   -85.8796912        630.599767       -716.479458          5119
   1684000   -83.8316603        639.886747       -723.718407          5145
   1686000   -85.0837923        651.835133       -736.918925          5128
   1688000   -85.3231370        650.563784       -735.886921          5163
   1690000   -84.5585715        662.448512       -747.007083          5233
   1692000   -85.7406999        637.655925       -723.396625          5159
   1694000   -86.2319703        645.730676       -731.962646          5179
   1696000   -85.9573693        637.244532       -723.201901          5185
   1698000   -85.4424495        631.180012       -716.622462          5149
   1700000   -85.7049829        658.456890       -744.161873          5214
   1702000   -84.5423791        637.558309       -722.100688          5141
   1704000   -86.4390401        645.458664       -731.897704          5167
   1706000   -86.5499514        642.964118       -729.514069          5108
   1708000   -85.4907241        628.438555       -713.929280          5125
   1710000   -86.1618836        638.694322       -724.856206          5056
   1712000   -86.5023497        648.141607       -734.643957          5030
   1714000   -85.2579358        650.533838       -735.791773          5022
   1716000   -84.6816059        628.501292       -713.182898          5001
   1718000   -84.8577922        634.485680       -719.343473          5038
   1720000   -84.1126945        622.894575       -707.007269          5029
   1722000   -85.1807012        640.473986       -725.654687          5040
   1724000   -84.5254833        632.026775       -716.552258          5024
   1726000   -84.9631147        613.150022       -698.113137          4985
   1728000   -85.4931066        629.626586       -715.119693          4932
   1730000   -84.7262999        617.532053       -702.258353          4866
   1732000   -84.6517063        627.594312       -712.246019          4900
   1734000   -85.4698053        636.603862       -722.073667          4907
   1736000   -85.9414601        630.042695       -715.984155          4892
   1738000   -84.0875365        625.809076       -709.896612          4864
   1740000   -84.7483416        628.679364       -713.427706          4932
   1742000   -84.0467469        613.308146       -697.354893          4922
   1744000   -84.3707088        620.848261       -705.218970          4959
   1746000   -85.4561440        631.498987       -716.955131          4989
   1748000   -85.0746180        630.040337       -715.114955          4956
   1750000   -86.4277658        626.894693       -713.322459          4893
   1752000   -84.7970429        630.746658       -715.543701          4879
   1754000   -84.3846249        610.700748       -695.085373          4821
   1756000   -84.6525078        633.133799       -717.786307          4854
   1758000   -86.3451209        639.589451       -725.934572          4810
   1760000   -84.6306317        630.817211       -715.447843          5023
   1762000   -83.7109304        620.944138       -704.655068          5001
   1764000   -85.3886746        619.314430       -704.703105          5015
   1766000   -83.5905310        613.832591       -697.423122          4954
   1768000   -85.1382737        632.019551       -717.157825          4988
   1770000   -85.3344359        629.144905       -714.479341          4971
   1772000   -88.0381015        640.038626       -728.076727          4909
   1774000   -83.8335234        625.335722       -709.169245          4913
   1776000   -85.2018250        632.176932       -717.378757          4909
   1778000   -84.5031162        645.544010       -730.047127          4941
   1780000   -84.1863881        641.330777       -725.517165          4961
   1782000   -85.7860073        629.088803       -714.874810          4922
   1784000   -85.9482610        635.083728       -721.031989          4985
   1786000   -86.6201424        631.680011       -718.300154          4995
   1788000   -85.5656551        640.965124       -726.530779          5012
   1790000   -84.2189748        624.738355       -708.957330          4962
   1792000   -83.2832169        620.005844       -703.289061          4931
   1794000   -84.6320367        623.236439       -707.868475          4899
   1796000   -85.2369297        633.871950       -719.108880          4908
   1798000   -86.2327469        644.306551       -730.539297          4936
   1800000   -84.8425145        648.697885       -733.540400          4897
   1802000   -85.7325371        638.434985       -724.167522          4949
   1804000   -85.5402723        628.219459       -713.759731          4916
   1806000   -84.8822727        637.582412       -722.464685          4967
   1808000   -83.5278182        630.423456       -713.951274          4964
   1810000   -82.5017073        624.618999       -707.120706          4996
   1812000   -84.8305976        619.692989       -704.523586          4982
   1814000   -85.5479876        627.846643       -713.394630          4919
   1816000   -85.5642843        630.656231       -716.220515          4946
   1818000   -84.8474487        632.944818       -717.792267          4934
   1820000   -84.0915626        636.943412       -721.034974          5006
   1822000   -84.0568242        637.861434       -721.918258          4972
   1824000   -85.4845743        630.501979       -715.986553          5009
   1826000   -84.6972896        624.421856       -709.119146          5055
   1828000   -85.3522140        620.833817       -706.186031          5073
   1830000   -86.1022375        636.872218       -722.974456          5051
   1832000   -86.2455941        646.025126       -732.270720          5048
   1834000   -85.7851806        627.607392       -713.392572          5000
   1836000   -85.4042773        621.895705       -707.299982          5011
   1838000   -84.2869738        642.255992       -726.542966          5027
   1840000   -86.3436702        643.104824       -729.448494          5019
   1842000   -86.3547777        652.469612       -738.824389          5097
   1844000   -84.5229024        629.100766       -713.623668          5215
   1846000   -87.4455484        645.760852       -733.206400          4959
   1848000   -85.3665727        633.904012       -719.270585          4908
   1850000   -83.0818254        640.716003       -723.797829          4933
   1852000   -83.5023879        623.634631       -707.137018          4968
   1854000   -84.0516989        613.081606       -697.133305          4928
   1856000   -83.9295908        624.695530       -708.625121          4890
   1858000   -84.5798442        618.714025       -703.293870          4914
   1860000   -86.2942535        619.866601       -706.160855          4943
   1862000   -84.2171613        634.993467       -719.210628          4923
   1864000   -84.6037544        625.154651       -709.758406          4925
   1866000   -85.4412086        644.422128       -729.863337          4904
   1868000   -84.5233771        636.918749       -721.442126          4889
   1870000   -85.7840428        656.541607       -742.325649          4937
   1872000   -85.0223977        624.374956       -709.397353          4812
   1874000   -84.9010956        626.955469       -711.856564          5010
   1876000   -85.6078771        650.079503       -735.687380          5009
   1878000   -85.5854357        646.189396       -731.774832          5045
   1880000   -84.6683163        636.359889       -721.028205          5003
   1882000   -86.1651580        646.294529       -732.459687          5037
   1884000   -85.7908838        652.007415       -737.798299          5029
   1886000   -85.2248255        640.961141       -726.185967          5090
   1888000   -84.7784621        636.145142       -720.923604          5084
   1890000   -84.2473411        624.032137       -708.279478          5094
   1892000   -83.7060103        627.879818       -711.585828          5034
   1894000   -85.4144300        634.579082       -719.993512          5050
   1896000   -87.2587326        644.512100       -731.770833          5081
   1898000   -84.2849825        640.653024       -724.938007          5068
   1900000   -85.0055102        635.141921       -720.147431          5041
   1902000   -85.8575095        634.545153       -720.402663          5027
   1904000   -85.1020492        623.631056       -708.733105          5096
   1906000   -83.8697353        616.693192       -700.562927          5074
   1908000   -84.4541380        631.970958       -716.425096          5070
   1910000   -84.6782052        634.715396       -719.393602          5073
   1912000   -83.7095615        621.326345       -705.035907          5106
   1914000   -87.3145653        643.977102       -731.291668          5089
   1916000   -85.8934105        630.309075       -716.202486          5098
   1918000   -86.3633284        622.943849       -709.307177          5123
   1920000   -85.0289970        636.915653       -721.944650          5206
   1922000   -84.8315172        627.704862       -712.536379          5229
   1924000   -84.0010855        624.997646       -708.998731          5203
   1926000   -85.1458433        632.070962       -717.216806          5157
   1928000   -84.0752834        628.680584       -712.755867          5126
   1930000   -84.8197584        628.299170       -713.118928          5104
   1932000   -85.1351768        628.509828       -713.645005          5174
   1934000   -84.9877700        622.185697       -707.173467          5056
   1936000   -83.4935329        630.840990       -714.334523          5133
   1938000   -86.0338988        656.387259       -742.421157          5188
   1940000   -84.2180662        634.033536       -718.251602          5218
   1942000   -85.6535621        635.097205       -720.750767          5231
   1944000   -85.0917757        633.723081       -718.814857          5239
   1946000   -83.5685863        631.001771       -714.570357          4903
   1948000   -83.3493161        617.469032       -700.818348          4875
   1950000   -84.5638315        633.761184       -718.325016          4879
   1952000   -84.1928434        644.917334       -729.110178          4860
   1954000   -84.5304605        646.828982       -731.359442          4932
   1956000   -85.4247188        641.131723       -726.556442          4926
   1958000   -84.0078111        632.288725       -716.296536          4980
   1960000   -85.0244421        628.048825       -713.073267          4957
   1962000   -85.5121650        632.781980       -718.294145          4988
   1964000   -85.4819508        639.045613       -724.527564          4959
   1966000   -84.6861017        634.398579       -719.084681          5020
   1968000   -85.6574813        633.405239       -719.062720          4921
   1970000   -85.4446919        647.637513       -733.082205          4921
   1972000   -85.1763306        650.871535       -736.047866          4915
   1974000   -84.4179407        637.821642       -722.239583          4909
   1976000   -84.2868292        631.684725       -715.971554          4875
   1978000   -85.4636437        628.680767       -714.144410          4943
   1980000   -84.2375438        628.555957       -712.793501          4856
   1982000   -86.3247395        634.789836       -721.114575          4891
   1984000   -84.1703687        623.735214       -707.905583          4872
   1986000   -85.9349252        645.488925       -731.423851          4878
   1988000   -85.0693501        648.367377       -733.436727          4838
   1990000   -82.8701207        635.727493       -718.597614          4837
   1992000   -84.5951621        628.550333       -713.145495          4822
   1994000   -84.2989779        618.081335       -702.380313          4808
   1996000   -82.6033743        633.845344       -716.448719          4798
   1998000   -83.8737959        636.985398       -720.859194          4800
   2000000   -83.7117111        634.272749       -717.984460          4810
